# Vector with sequential decimals
decimals <- 0.1:6.1
decimals
# Output: 0.1 1.1 2.1 3.1 4.1 5.1 6.1
